image_width: 1280
image_height: 720
camera_name: head_camera
camera_matrix:
  rows: 3
  cols: 3
  data: [592.051363506194, 0, 611.0278617258073, 0, 592.6210230294188, 405.7856159098748, 0, 0, 1]
distortion_model: plumb_bob
distortion_coefficients:
  rows: 1
  cols: 5
  data: [-0.02088225389289876, -0.009181653950174222, -0.001861596481940059, -0.002627107529016049, 0]
rectification_matrix:
  rows: 3
  cols: 3
  data: [1, 0, 0, 0, 1, 0, 0, 0, 1]
projection_matrix:
  rows: 3
  cols: 4
  data: [566.2200317382812, 0, 600.3830075530568, 0, 0, 587.2234497070312, 405.4845595834522, 0, 0, 0, 1, 0]